0 0.8769345204553138 0.7012847965738758 0.10997858672376865 0.11777301927194855
1 0.7997565648596867 0.8094218415417558 0.12927307562267557 0.16274089935760172
0 0.3183590668319621 0.46788008565310485 0.055954017806829695 0.09635974304068512
0 0.33958300462075963 0.3383297644539614 0.04244787557759494 0.26552462526766596
0 0.39746647131748 0.3758029978586723 0.10419024005409667 0.10492505353319061
1 0.3651482024118111 0.49036402569593135 0.01640031556407063 0.04710920770877941
1 0.03858897779781358 0.4421841541755887 0.03087118223825087 0.07066381156316914
1 0.06753071114617377 0.41862955032119914 0.01929448889890679 0.0620985010706638
1 0.09261354671475262 0.3950749464668094 0.02315338667868815 0.05353319057815845
0 0.10756677561140539 0.3661670235546036 0.02604756001352415 0.05995717344753739
