0 0.32028851572185274 0.47751605995717333 0.04437732446748562 0.10278372591006417
0 0.3400653668432323 0.33404710920770875 0.0414831511326496 0.26552462526766596
0 0.3974664713174799 0.380085653104925 0.09454299560464328 0.07494646680942182
1 0.3945722979826439 0.4871520342612418 0.08489575115518995 0.07922912205567442
1 0.601988053645892 0.6884368308351176 0.0463067733573763 0.07922912205567456
1 0.6801307336864646 0.6552462526766596 0.03858897779781358 0.08993576017130621
0 0.7047312070325704 0.7623126338329765 0.0684954355911192 0.08993576017130582
1 0.7360847514932942 0.658458244111349 0.04437732446748555 0.13062098501070665
1 0.8026507381945223 0.8115631691648821 0.1273436267327848 0.15845824411134915
0 0.8586047560013523 0.7205567451820127 0.09840189338442457 0.14775160599571735
