0 0.053059844471993675 0.4593147751605995 0.04244787557759494 0.07066381156316921
1 0.11914346895074945 0.38650963597430404 0.06463653781133775 0.0749464668094219
0 0.32125324016679785 0.4710920770877942 0.050165671137157634 0.10706638115631688
0 0.3400653668432323 0.3361884368308351 0.0414831511326496 0.2526766595289079
0 0.4264082046658402 0.40042826552462524 0.06753071114617384 0.08137044967880086
0 0.3931252113152257 0.3811563169164884 0.08971937337991634 0.08565310492505346
1 0.346336075735377 0.5481798715203425 0.040518426687704265 0.08565310492505354
1 0.39216048687028066 0.48501070663811563 0.07621323115068179 0.07066381156316914
1 0.44666741800969234 0.48715203426124193 0.03280063112814155 0.0749464668094219
1 0.7370494759382396 0.6595289079229122 0.0463067733573763 0.11563169164882232
