0 0.31835906683196213 0.4721627408993575 0.048236222247266945 0.11349036402569582
0 0.3405477290657049 0.3394004282655246 0.040518426687704265 0.2676659528907923
0 0.4244787557759495 0.40364025695931466 0.06367181336639248 0.08779443254817991
0 0.3974664713174799 0.3779443254817986 0.09454299560464328 0.09207708779443252
1 0.3940899357601713 0.48822269807280505 0.07428378226079119 0.08565310492505347
1 0.600540966978474 0.6948608137044968 0.04727149780232161 0.10064239828693801
1 0.682060182576355 0.6531049250535332 0.03858897779781361 0.08993576017130621
1 0.7341553026034032 0.6605995717344747 0.04244787557759518 0.11349036402569591
0 0.698942860362899 0.7526766595289063 0.07621323115068149 0.07922912205567437
1 0.7992742026372138 0.8072805139186294 0.13216724895751095 0.15845824411134907
