0 0.32077087794432546 0.4796573875802997 0.04920094669221235 0.11563169164882225
0 0.3429595401780683 0.3372591006423983 0.04920094669221228 0.24625267665952882
0 0.39698410909500736 0.380085653104925 0.10322551560915137 0.09207708779443252
1 0.396019384650062 0.48715203426124193 0.0820015778203539 0.08779443254817977
1 0.600540966978474 0.6916488222698072 0.045342048912430925 0.08565310492505361
1 0.6825425447988277 0.6531049250535332 0.04148315113264957 0.07708779443254812
0 0.7003899470303167 0.7548179871520341 0.07717795559562717 0.08779443254817991
1 0.7356023892708216 0.6605995717344753 0.045342048912430925 0.11777301927194862
1 0.8021683759720487 0.8019271948608132 0.1321672489575115 0.16488222698072758
0 0.8610165671137158 0.7130620985010707 0.10708441338893265 0.1670235546038544
